1.5178271983956226, -5.460964200914217, 106.0
1.4910006168318988, -5.3495159519159685, 106.0
1.4774440459015716, -5.238067702917719, 106.0
1.4832857278450962, -5.12661945391947, 106.0
1.5190406751313452, -5.01517120492122, 106.0
1.5510204081632653, -4.968524058456962, 106.0
1.6734693877551021, -4.923561648843223, 106.0
1.7959183673469385, -4.964020762967971, 106.0
1.8647155510689226, -5.01517120492122, 106.0
1.9183673469387754, -5.057688092072776, 106.0
1.976507284232375, -5.12661945391947, 106.0
2.040816326530612, -5.207331679942456, 106.0
2.0593709786252767, -5.238067702917719, 106.0
2.1177381677038936, -5.3495159519159685, 106.0
2.163265306122449, -5.446228805742651, 106.0
2.1687494966198386, -5.460964200914217, 106.0

1.3672379175546143, -5.460964200914217, 107.0
1.3372308875341175, -5.3495159519159685, 107.0
1.3158816975925411, -5.238067702917719, 107.0
1.306122448979592, -5.129559443042155, 107.0
1.305908050227371, -5.12661945391947, 107.0
1.306122448979592, -5.119765697407488, 107.0
1.3109149145887953, -5.01517120492122, 107.0
1.336842239501472, -4.903722955922971, 107.0
1.392573000562309, -4.792274706924721, 107.0
1.4285714285714284, -4.748689100751197, 107.0
1.5510204081632653, -4.6908585251460515, 107.0
1.6734693877551021, -4.70181178877153, 107.0
1.7959183673469385, -4.756025657904197, 107.0
1.8464251400783402, -4.792274706924721, 107.0
1.9183673469387754, -4.846548913948842, 107.0
1.9749535694302256, -4.903722955922971, 107.0
2.040816326530612, -4.973316384592565, 107.0
2.0726587765166045, -5.01517120492122, 107.0
2.1531082831297, -5.12661945391947, 107.0
2.163265306122449, -5.142019613922749, 107.0
2.2156578806965452, -5.238067702917719, 107.0
2.273025693069011, -5.3495159519159685, 107.0
2.2857142857142856, -5.377941332867385, 107.0
2.317044200293768, -5.460964200914217, 107.0

1.1572066471290172, -5.460964200914217, 109.0
1.129281377160186, -5.3495159519159685, 109.0
1.1070135903882419, -5.238067702917719, 109.0
1.0914262959880194, -5.12661945391947, 109.0
1.083800005708819, -5.015171204921221, 109.0
1.0857563074744103, -4.903722955922971, 109.0
1.0993756757942859, -4.792274706924721, 109.0
1.1273669768299581, -4.6808264579264725, 109.0
1.1733170823158527, -4.569378208928223, 109.0
1.183673469387755, -4.551559683465893, 109.0
1.2688808882428702, -4.457929959929974, 109.0
1.306122448979592, -4.428406399068577, 109.0
1.4285714285714284, -4.38393941220804, 109.0
1.5510204081632653, -4.3843124346800915, 109.0
1.6734693877551021, -4.417865186697639, 109.0
1.7556944267023833, -4.457929959929974, 109.0
1.7959183673469385, -4.478477941842065, 109.0
1.9183673469387754, -4.564389453773338, 109.0
1.9240268482818326, -4.569378208928223, 109.0
2.040816326530612, -4.676243690894394, 109.0
2.0450638283074225, -4.6808264579264725, 109.0
2.1432744031115405, -4.792274706924721, 109.0
2.163265306122449, -4.8158606243308455, 109.0
2.227572774578733, -4.903722955922971, 109.0
2.2857142857142856, -4.985651203234697, 109.0
2.304232609628678, -5.01517120492122, 109.0
2.369598446786795, -5.12661945391947, 109.0
2.408163265306122, -5.195690168218842, 109.0
2.429302205358771, -5.238067702917719, 109.0
2.4802769963231848, -5.3495159519159685, 109.0
2.5284309172742034, -5.460964200914218, 109.0

0.8654911108615267, -5.460964200914217, 113.0
0.8374071164594377, -5.3495159519159685, 113.0
0.8163265306122449, -5.251169207313508, 113.0
0.8137940018735179, -5.238067702917719, 113.0
0.7969068864122466, -5.126619453919469, 113.0
0.7848063130364441, -5.01517120492122, 113.0
0.7780610765662835, -4.903722955922971, 113.0
0.7773308268797181, -4.792274706924721, 113.0
0.7833837478118604, -4.6808264579264725, 113.0
0.797118304197656, -4.569378208928223, 113.0
0.8163265306122449, -4.473727091629473, 113.0
0.8202189457675422, -4.457929959929973, 113.0
0.859342836763991, -4.346481710931724, 113.0
0.913264258367069, -4.235033461933475, 113.0
0.9387755102040813, -4.194111282002338, 113.0
0.9986960890287275, -4.123585212935225, 113.0
1.0612244897959182, -4.065672349684962, 113.0
1.1537338067067366, -4.012136963936976, 113.0
1.183673469387755, -3.998038784015108, 113.0
1.306122448979592, -3.9713540459449814, 113.0
1.4285714285714284, -3.9727970096421443, 113.0
1.5510204081632653, -3.997317964525924, 113.0
1.5912637343817693, -4.012136963936976, 113.0
1.6734693877551021, -4.0437895678115385, 113.0
1.7959183673469385, -4.1081570279537125, 113.0
1.8192278336213525, -4.123585212935225, 113.0
1.9183673469387754, -4.191693440633536, 113.0
1.972158512817223, -4.235033461933475, 113.0
2.040816326530612, -4.292277531562966, 113.0
2.0977881659226076, -4.346481710931724, 113.0
2.163265306122449, -4.410755056962426, 113.0
2.2062326506009926, -4.457929959929974, 113.0
2.2857142857142856, -4.547701481923113, 113.0
2.303137365033262, -4.569378208928223, 113.0
2.389361542986149, -4.6808264579264725, 113.0
2.408163265306122, -4.706076492639383, 113.0
2.466870717450523, -4.792274706924721, 113.0
2.5306122448979593, -4.888008835250257, 113.0
2.540282746522239, -4.903722955922971, 113.0
2.6050011051710564, -5.01517120492122, 113.0
2.6530612244897958, -5.100272057406732, 113.0
2.6668844824688875, -5.12661945391947, 113.0
2.721659763377408, -5.23806770291772, 113.0
2.7747957635529175, -5.349515951915968, 113.0
2.775510204081632, -5.351154889023005, 113.0
2.8200246354820413, -5.460964200914217, 113.0

0.4518015650195342, -5.460964200914217, 121.0
0.44897959183673475, -5.448683209973912, 121.0
0.42787971248863615, -5.3495159519159685, 121.0
0.40713409039029336, -5.238067702917719, 121.0
0.38956458913645775, -5.12661945391947, 121.0
0.37542799690070205, -5.01517120492122, 121.0
0.36500888062767745, -4.903722955922971, 121.0
0.35862308664696824, -4.792274706924721, 121.0
0.35662172001898895, -4.680826457926473, 121.0
0.35939566921772376, -4.569378208928223, 121.0
0.3673807511897582, -4.457929959929974, 121.0
0.38106356092773563, -4.346481710931725, 121.0
0.400988119353048, -4.235033461933475, 121.0
0.42776342334039064, -4.123585212935225, 121.0
0.44897959183673475, -4.05425061159686, 121.0
0.4639264412757117, -4.012136963936976, 121.0
0.5129052697453019, -3.9006887149387266, 121.0
0.5714285714285712, -3.792109682581923, 121.0
0.5733000158212911, -3.7892404659404777, 121.0
0.6598779986078633, -3.677792216942228, 121.0
0.693877551020408, -3.6408763985347403, 121.0
0.7829875257958319, -3.566343967943979, 121.0
0.8163265306122449, -3.542491773117428, 121.0
0.9387755102040813, -3.480775963825571, 121.0
1.0256281619957304, -3.454895718945729, 121.0
1.0612244897959182, -3.445693325362762, 121.0
1.183673469387755, -3.4336248729097325, 121.0
1.306122448979592, -3.439682727265361, 121.0
1.3900775651165227, -3.454895718945729, 121.0
1.4285714285714284, -3.46220252090169, 121.0
1.5510204081632653, -3.500952148885591, 121.0
1.6734693877551021, -3.5521972603788305, 121.0
1.7005683696795577, -3.566343967943979, 121.0
1.7959183673469385, -3.6180144191456325, 121.0
1.8911403811031213, -3.677792216942228, 121.0
1.9183673469387754, -3.6954918594451005, 121.0
2.040816326530612, -3.7856623005683545, 121.0
2.045173706368731, -3.7892404659404777, 121.0
2.163265306122449, -3.8891689936098217, 121.0
2.1757534996576133, -3.9006887149387266, 121.0
2.2857142857142856, -4.004980783716833, 121.0
2.292708184473728, -4.012136963936976, 121.0
2.3983979311429993, -4.123585212935225, 121.0
2.408163265306122, -4.134184686771302, 121.0
2.494772794011127, -4.235033461933475, 121.0
2.5306122448979593, -4.277750839776708, 121.0
2.5847675116913997, -4.346481710931724, 121.0
2.6530612244897958, -4.435017475118584, 121.0
2.6697638530440697, -4.457929959929974, 121.0
2.7483006937666965, -4.569378208928223, 121.0
2.775510204081632, -4.609099860940901, 121.0
2.822095050081976, -4.6808264579264725, 121.0
2.893065817617621, -4.792274706924721, 121.0
2.8979591836734695, -4.800314803451218, 121.0
2.957801964645221, -4.903722955922971, 121.0
3.020408163265306, -5.0134667263626955, 121.0
3.0213367718895676, -5.01517120492122, 121.0
3.0788045897123535, -5.12661945391947, 121.0
3.1352655193464365, -5.23806770291772, 121.0
3.1428571428571423, -5.253896370917542, 121.0
3.186670441119461, -5.3495159519159685, 121.0
3.236147789154357, -5.460964200914217, 121.0

-0.13262461914051354, -5.460964200914217, 137.0
-0.15301675321470634, -5.349515951915969, 137.0
-0.16326530612244894, -5.286247201983404, 137.0
-0.1706227038118003, -5.238067702917719, 137.0
-0.18528545130373392, -5.12661945391947, 137.0
-0.1974766177681006, -5.01517120492122, 137.0
-0.2070640155614365, -4.903722955922971, 137.0
-0.2139063392337069, -4.792274706924721, 137.0
-0.21785248609819685, -4.6808264579264725, 137.0
-0.21874083244948594, -4.569378208928223, 137.0
-0.21639846453524048, -4.457929959929974, 137.0
-0.2106403638498826, -4.346481710931724, 137.0
-0.20126854688641654, -4.235033461933475, 137.0
-0.1880711601642507, -4.123585212935225, 137.0
-0.17082153215228127, -4.012136963936976, 137.0
-0.16326530612244894, -3.9729898067188376, 137.0
-0.14810913705719606, -3.9006887149387266, 137.0
-0.1197456431637696, -3.7892404659404777, 137.0
-0.08600973082332275, -3.677792216942228, 137.0
-0.04653934065691476, -3.566343967943979, 137.0
-0.04081632653061229, -3.5522909537127068, 137.0
0.0031412244007878107, -3.4548957189457297, 137.0
0.06089431188467603, -3.3434474699474803, 137.0
0.08163265306122458, -3.3081310244805584, 137.0
0.13223503554044314, -3.231999220949231, 137.0
0.204081632653061, -3.136630688046681, 137.0
0.21812523062582814, -3.1205509719509816, 137.0
0.3265306122448979, -3.0104203547880726, 137.0
0.32808473053091525, -3.0091027229527323, 137.0
0.44897959183673475, -2.917669414753722, 137.0
0.4822742838706858, -2.897654473954483, 137.0
0.5714285714285712, -2.84959871178791, 137.0
0.693877551020408, -2.800811148780023, 137.0
0.7488129192751669, -2.7862062249562336, 137.0
0.8163265306122449, -2.7700295786897353, 137.0
0.9387755102040813, -2.754706262849456, 137.0
1.0612244897959182, -2.7526815000702367, 137.0
1.183673469387755, -2.7628774286968674, 137.0
1.306122448979592, -2.7841992130606745, 137.0
1.3137577559633098, -2.7862062249562336, 137.0
1.4285714285714284, -2.817677945605297, 137.0
1.5510204081632653, -2.8607966115440813, 137.0
1.6379138618286215, -2.897654473954483, 137.0
1.6734693877551021, -2.9133152193783483, 137.0
1.7959183673469385, -2.976107479795271, 137.0
1.8532031114301648, -3.0091027229527323, 137.0
1.9183673469387754, -3.047921982816528, 137.0
2.0294804567271543, -3.120550971950981, 137.0
2.040816326530612, -3.128200183254111, 137.0
2.163265306122449, -3.218268150099603, 137.0
2.1806433666895835, -3.231999220949231, 137.0
2.2857142857142856, -3.3173996160315085, 137.0
2.315869125599186, -3.3434474699474803, 137.0
2.408163265306122, -3.4253169588670964, 137.0
2.4397420088929187, -3.4548957189457297, 137.0
2.5306122448979593, -3.5421566007466105, 137.0
2.5545963514464267, -3.566343967943979, 137.0
2.6530612244897958, -3.667983611700482, 137.0
2.6621516803945875, -3.677792216942228, 137.0
2.762771186248562, -3.7892404659404777, 137.0
2.775510204081632, -3.8037035068860705, 137.0
2.8574606164714345, -3.9006887149387266, 137.0
2.8979591836734695, -3.9495807698315932, 137.0
2.9478487809821674, -4.012136963936976, 137.0
3.020408163265306, -4.104813074906776, 137.0
3.0346036895560022, -4.123585212935225, 137.0
3.116601654597562, -4.235033461933475, 137.0
3.1428571428571423, -4.271528232607385, 137.0
3.1950311203289448, -4.346481710931724, 137.0
3.2653061224489797, -4.448991285697705, 137.0
3.271250240225214, -4.457929959929974, 137.0
3.3429343929650677, -4.569378208928223, 137.0
3.387755102040816, -4.640191630688448, 137.0
3.412736260510382, -4.6808264579264725, 137.0
3.4794723698969348, -4.792274706924721, 137.0
3.5102040816326525, -4.844818908853405, 137.0
3.543705450261082, -4.903722955922971, 137.0
3.6056113982095477, -5.01517120492122, 137.0
3.63265306122449, -5.065178364303675, 137.0
3.664994731867671, -5.12661945391947, 137.0
3.722167812416574, -5.238067702917719, 137.0
3.7551020408163263, -5.303923154795399, 137.0
3.777317368252015, -5.3495159519159685, 137.0
3.829839757914299, -5.460964200914217, 137.0

-0.9673970066788898, -5.460964200914217, 169.0
-0.9804216345374075, -5.3495159519159685, 169.0
-0.99165562795043, -5.238067702917719, 169.0
-1.0010361062857764, -5.12661945391947, 169.0
-1.008497493258041, -5.015171204921221, 169.0
-1.0139714008788998, -4.903722955922971, 169.0
-1.0173865097853787, -4.792274706924721, 169.0
-1.0186684456344024, -4.6808264579264725, 169.0
-1.0177396510256183, -4.569378208928223, 169.0
-1.0145192521049418, -4.457929959929974, 169.0
-1.0089229185943123, -4.346481710931724, 169.0
-1.0008627154807535, -4.235033461933475, 169.0
-0.990246943976359, -4.123585212935225, 169.0
-0.9769799686393726, -4.012136963936976, 169.0
-0.9609620267474281, -3.9006887149387266, 169.0
-0.9420890151809751, -3.7892404659404777, 169.0
-0.920252249274039, -3.677792216942228, 169.0
-0.8979591836734695, -3.5781182061223458, 169.0
-0.8951906317109923, -3.566343967943979, 169.0
-0.8654698354841477, -3.454895718945729, 169.0
-0.8321833780329039, -3.3434474699474803, 169.0
-0.7951829717909117, -3.231999220949231, 169.0
-0.7755102040816326, -3.1784547279490263, 169.0
-0.7529442097009605, -3.1205509719509816, 169.0
-0.7050671923426193, -3.0091027229527323, 169.0
-0.653061224489796, -2.8986336088372764, 169.0
-0.6525680743216472, -2.897654473954483, 169.0
-0.5910821153743415, -2.7862062249562336, 169.0
-0.5306122448979593, -2.6856851781183404, 169.0
-0.5235054914812325, -2.6747579759579843, 169.0
-0.4445405272742523, -2.563309726959735, 169.0
-0.40816326530612246, -2.5160479316529063, 169.0
-0.3540532972273683, -2.4518614779614856, 169.0
-0.2857142857142858, -2.3771906664096263, 169.0
-0.24833737456475455, -2.3404132289632362, 169.0
-0.16326530612244894, -2.263225031627432, 169.0
-0.1206039827676921, -2.228964979964987, 169.0
-0.04081632653061229, -2.1697955702046885, 169.0
0.04063024989628399, -2.1175167309667375, 169.0
0.08163265306122458, -2.093170279779418, 169.0
0.204081632653061, -2.0318530669228916, 169.0
0.2673775437152399, -2.006068481968488, 169.0
0.3265306122448979, -1.9837440739036851, 169.0
0.44897959183673475, -1.9479781462920625, 169.0
0.5714285714285712, -1.9226199281921588, 169.0
0.693877551020408, -1.907307770413989, 169.0
0.8163265306122449, -1.9016164343773059, 169.0
0.9387755102040813, -1.9050705468034146, 169.0
1.0612244897959182, -1.9171577378832942, 169.0
1.183673469387755, -1.9373410147033177, 169.0
1.306122448979592, -1.9650700513341701, 169.0
1.4285714285714284, -1.9997911994819648, 169.0
1.4469751635735595, -2.006068481968488, 169.0
1.5510204081632653, -2.0428995342090164, 169.0
1.6734693877551021, -2.0924808787394116, 169.0
1.7285087155715382, -2.1175167309667375, 169.0
1.7959183673469385, -2.1492491547191084, 169.0
1.9183673469387754, -2.212531295428911, 169.0
1.9475749573671868, -2.228964979964987, 169.0
2.040816326530612, -2.2831065529203807, 169.0
2.1332326328812314, -2.3404132289632362, 169.0
2.163265306122449, -2.35960675678101, 169.0
2.2857142857142856, -2.4427492675714166, 169.0
2.298403337089789, -2.4518614779614856, 169.0
2.408163265306122, -2.532886147680948, 169.0
2.447547484406013, -2.563309726959735, 169.0
2.5306122448979593, -2.6291864334713644, 169.0
2.5857782017100384, -2.6747579759579843, 169.0
2.6530612244897958, -2.7317498696888363, 169.0
2.7150291206615247, -2.786206224956233, 169.0
2.775510204081632, -2.8406386321675625, 169.0
2.8367861801665404, -2.897654473954483, 169.0
2.8979591836734695, -2.955879267697039, 169.0
2.952209896183754, -3.0091027229527323, 169.0
3.020408163265306, -3.077465206656966, 169.0
3.062219926656595, -3.1205509719509816, 169.0
3.1428571428571423, -3.205359651856723, 169.0
3.1675547613079345, -3.231999220949231, 169.0
3.2653061224489797, -3.33949867780441, 169.0
3.2688146226018664, -3.3434474699474803, 169.0
3.3654826947944425, -3.4548957189457297, 169.0
3.387755102040816, -3.4810644966546005, 169.0
3.458772361089209, -3.566343967943979, 169.0
3.5102040816326525, -3.6291656725982433, 169.0
3.5492216969406405, -3.677792216942228, 169.0
3.63265306122449, -3.7834578404449424, 169.0
3.637134753397892, -3.7892404659404777, 169.0
3.721399670641661, -3.9006887149387266, 169.0
3.7551020408163263, -3.9459868288677953, 169.0
3.8034541946608176, -4.012136963936976, 169.0
3.8775510204081627, -4.114931194306823, 169.0
3.8836871367706256, -4.123585212935225, 169.0
3.960756746360974, -4.235033461933475, 169.0
4.0, -4.292615964219577, 169.0

-2.0, -3.569430896872385, 233.0
-1.999326101340263, -3.5663439679439786, 233.0
-1.9727402993201497, -3.454895718945729, 233.0
-1.9440549284541102, -3.3434474699474803, 233.0
-1.9132207273004378, -3.2319992209492305, 233.0
-1.8801857348488047, -3.1205509719509816, 233.0
-1.8775510204081634, -3.1122940902180853, 233.0
-1.8436865321400713, -3.0091027229527323, 233.0
-1.8046723869314594, -2.897654473954483, 233.0
-1.7631739171003884, -2.7862062249562336, 233.0
-1.7551020408163265, -2.765912371648595, 233.0
-1.7176792963759666, -2.6747579759579843, 233.0
-1.6691003128388062, -2.563309726959735, 233.0
-1.6326530612244898, -2.484487823965634, 233.0
-1.6170221458858909, -2.4518614779614856, 233.0
-1.560269725541291, -2.3404132289632362, 233.0
-1.510204081632653, -2.2474663356400955, 233.0
-1.49983265668659, -2.228964979964987, 233.0
-1.4335171280700796, -2.1175167309667375, 233.0
-1.3877551020408163, -2.044782438272243, 233.0
-1.3622738936101737, -2.006068481968488, 233.0
-1.2846032993057357, -1.8946202329702388, 233.0
-1.2653061224489797, -1.8684499703703312, 233.0
-1.1991248341597442, -1.7831719839719895, 233.0
-1.1428571428571428, -1.7146088813329596, 233.0
-1.1055959323627267, -1.6717237349737402, 233.0
-1.0204081632653061, -1.5790569185604066, 233.0
-1.0020048960787242, -1.5602754859754908, 233.0
-0.8979591836734695, -1.4599394058605362, 233.0
-0.885581403091847, -1.448827236977242, 233.0
-0.7755102040816326, -1.3554434401348485, 233.0
-0.7524324968198295, -1.3373789879789921, 233.0
-0.653061224489796, -1.2638397329165034, 233.0
-0.5969570799011438, -1.2259307389807432, 233.0
-0.5306122448979593, -1.183517341344084, 233.0
-0.410861458993011, -1.1144824899824934, 233.0
-0.40816326530612246, -1.1130092867170533, 233.0
-0.2857142857142858, -1.0534259648961808, 233.0
-0.16720796894496487, -1.0030342409842445, 233.0
-0.16326530612244894, -1.001444900913036, 233.0
-0.04081632653061229, -0.959018634724758, 233.0
0.08163265306122458, -0.9236770898648329, 233.0
0.204081632653061, -0.8953383901377183, 233.0
0.2254082325844871, -0.8915859919859949, 233.0
0.3265306122448979, -0.8746918325886809, 233.0
0.44897959183673475, -0.8606564538297738, 233.0
0.5714285714285712, -0.8529185842035423, 233.0
0.693877551020408, -0.851317869312021, 233.0
0.8163265306122449, -0.8556782484925923, 233.0
0.9387755102040813, -0.8658095090050644, 233.0
1.0612244897959182, -0.8815088463844436, 233.0
1.1196271691399997, -0.8915859919859948, 233.0
1.1836734693877549, -0.9030361989110905, 233.0
1.306122448979592, -0.9303237091017196, 233.0
1.4285714285714284, -0.9626759417610355, 233.0
1.5510204081632653, -0.9998344446535987, 233.0
1.560345711568447, -1.0030342409842445, 233.0
1.6734693877551021, -1.0431287883534324, 233.0
1.7959183673469385, -1.0909425169720388, 233.0
1.8511629150304696, -1.1144824899824934, 233.0
1.9183673469387754, -1.1440156765735203, 233.0
2.040816326530612, -1.2019528506256965, 233.0
2.0882393142538653, -1.2259307389807432, 233.0
2.163265306122449, -1.2649875772353136, 233.0
2.2857142857142856, -1.3323331891984902, 233.0
2.294402394208622, -1.3373789879789921, 233.0
2.408163265306122, -1.4052852571165388, 233.0
2.478048691484858, -1.448827236977242, 233.0
2.5306122448979593, -1.4824597681394147, 233.0
2.6476643544724716, -1.5602754859754908, 233.0
2.6530612244897958, -1.5639568981054244, 233.0
2.775510204081632, -1.6506828253746733, 233.0
2.804300101430158, -1.6717237349737402, 233.0
2.8979591836734695, -1.7418415984868412, 233.0
2.9516570922668373, -1.7831719839719895, 233.0
3.020408163265306, -1.8373330592412611, 233.0
3.0913341920973094, -1.8946202329702388, 233.0
3.1428571428571423, -1.937179483996076, 233.0
3.2243959910018254, -2.006068481968488, 233.0
3.2653061224489797, -2.0413876230419925, 233.0
3.3517057953153238, -2.1175167309667375, 233.0
3.3877551020408165, -2.1499499744102737, 233.0
3.473970657466534, -2.228964979964987, 233.0
3.5102040816326525, -2.2628461667370074, 233.0
3.5917751166301652, -2.3404132289632362, 233.0
3.63265306122449, -2.3800443731744565, 233.0
3.7056067556446473, -2.4518614779614856, 233.0
3.7551020408163263, -2.501502698085787, 233.0
3.8158757529515746, -2.563309726959735, 233.0
3.8775510204081627, -2.627170495709482, 233.0
3.922929979189938, -2.6747579759579843, 233.0
4.0, -2.756989594691829, 233.0

-2.0, -0.6095639478566227, 361.0
-1.9479645130497778, -0.5572412449912472, 361.0
-1.8775510204081634, -0.4891475294776989, 361.0
-1.8307848249523064, -0.4457929959929973, 361.0
-1.7551020408163263, -0.37832581089467954, 361.0
-1.7034127403183579, -0.3343447469947485, 361.0
-1.6326530612244898, -0.27644700379292386, 361.0
-1.5637618452492603, -0.2228964979964987, 361.0
-1.510204081632653, -0.18285245105536796, 361.0
-1.4091608373805162, -0.11144824899824979, 361.0
-1.3877551020408163, -0.09689186459370322, 361.0
-1.2653061224489797, -0.018572628395744917, 361.0
-1.2342672812548818, 0.0, 361.0

2.505185746335449, 0.0, 361.0
2.5306122448979593, -0.012253006203769883, 361.0
2.6530612244897958, -0.07397918615344497, 361.0
2.7244542556381295, -0.11144824899824979, 361.0
2.775510204081632, -0.13888686750421603, 361.0
2.8979591836734695, -0.2071336928955772, 361.0
2.9253005309129634, -0.2228964979964987, 361.0
3.020408163265306, -0.27899105404620106, 361.0
3.1115382911582996, -0.3343447469947485, 361.0
3.1428571428571423, -0.35379787307582994, 361.0
3.2653061224489797, -0.4319426435767039, 361.0
3.2864698091735973, -0.4457929959929974, 361.0
3.387755102040816, -0.5135064798124452, 361.0
3.4517630904231233, -0.5572412449912472, 361.0
3.5102040816326525, -0.5980129334151719, 361.0
3.609545451761198, -0.6686894939894961, 361.0
3.63265306122449, -0.6854672825248977, 361.0
3.7551020408163263, -0.7759734780803389, 361.0
3.760640466516552, -0.7801377429877459, 361.0
3.8775510204081627, -0.8697598579925868, 361.0
3.905612118989133, -0.8915859919859948, 361.0
4.0, -0.9664014821920042, 361.0

