x1, x2, type
-0.009954043093714837, 0.6736501039544917, 0
-0.7715221168815058, -0.5778851269795376, 1
0.011788141470619351, -0.1512709193498093, 1
-0.9711840665100666, 0.5032015989439352, 0
0.5033750034925886, 0.31887816691477366, 1
-0.32743225985937796, -0.33733274521208967, 1
-0.5545972822727459, 1.3236531726736533, 0
-0.7004476066637169, 0.7566465820409279, 0
-0.2925352528876264, 1.0142020288575613, 0
-0.9087168471586493, -0.48900122366574805, 1
-0.06715005405495833, -0.5483467153028071, 1
-0.795274080978353, 0.3816505200254795, 0
0.7681216778022857, 0.038849320856049974, 1
-0.621231653000347, 1.1485239464387886, 0
-0.21239261369956286, 0.013633978211697095, 1
0.8329579413924992, 0.23825449763435003, 1
-0.4978362948852577, 1.1321151445130377, 0
0.0402300693174642, -0.2312158908710401, 1
-0.6408765541117429, 1.2116085938982128, 0
-0.2342433782678781, -0.607816442693904, 1
-0.7485037320817758, -0.017570885852151608, 1
0.21421202363606984, 1.054573789561311, 0
0.5688419720083471, -0.46189690798849947, 1
-0.08046300668533135, 1.214591918047066, 0
-0.5259250139632745, 1.0311263949787834, 0
0.6938954874669976, -0.5180688399549161, 1
-0.5526861535753778, 0.5484721590735274, 0
-0.9264620566555768, 0.0542054263741395, 0
0.3339463422203972, 0.3994126559988772, 1
-0.24761083580040877, -0.3035748376276516, 1
-0.4103485777780975, 0.09509710753909306, 1
-0.31385300843153296, -0.07568966622934414, 1
0.4487121779614056, 0.6567453888164009, 0
0.5106505594639927, 0.8792726122299767, 0
-0.6144415088802011, 1.0608055598132302, 0
0.9975790788955381, -0.033478936428238515, 1
0.948292417903889, 0.9231398968541299, 0
0.5781288105074216, 0.9121667048841268, 0
0.8019567196019328, 0.7483181196893333, 0
-0.5780805255678119, 0.0337522410250356, 1
-0.394957529386458, -0.5981022091826195, 1
-0.37787834142552956, 1.3026328762746942, 0
-0.7536609697768342, -0.15125936362931303, 1
0.3336293690933989, 1.0046361015002847, 0
-0.9316299642595578, 0.19869110747836471, 0
0.3580221624512465, 0.2680794601034243, 1
0.1656451830692498, 0.16123727884511252, 1
0.5301769184431071, 0.3821505234495316, 1
-0.5813172660228492, -0.6128314143608934, 1
0.8188968219971613, -0.07482669039494716, 1
0.3489936901749804, 0.9490780483441551, 0
-0.8431309702382661, 1.0900777418393757, 0
-0.979280433438003, -0.4842921861461199, 1
-0.5595276765988328, 1.0380421826480073, 0
0.16281805084788759, 1.2981554419290746, 0
-0.7691200439008243, -0.49204194516353617, 1
-0.5204291880098364, -0.10084309436237116, 1
-0.9886695969642474, 0.2497227488324475, 0
0.2512977282537008, 0.08904711950438171, 1
0.332735220768553, 0.9720104880070207, 0
0.16642811929772305, 0.6628310827383471, 0
-0.36402995714536335, 0.2735634757964648, 0
-0.1394140219274016, 0.667552810226873, 0
-0.005339498503224238, 0.6784361176379793, 0
0.42070220959553795, -0.1915790718079241, 1
0.574146368219997, -0.19668958919755875, 1
0.7643060982350804, 0.7859721357242427, 0
0.20105557755701597, 1.221503860542653, 0
0.5883432920320881, 0.3702434025438289, 1
0.9102811444882624, -0.6587059884328449, 1
-0.2725846162671821, -0.00019011564442628082, 1
-0.28156724544159917, 1.089097739804831, 0
0.7653386874055401, 0.9319249032098827, 0
0.9469445745255087, 0.23866412182819052, 1
-0.5769008778810949, 0.4554869905199027, 0
-0.40793961731201844, 0.42881182091868564, 0
0.34012530487855286, 0.774309998053342, 0
-0.8790006100651855, 1.238880911355237, 0
0.30829951581277526, -0.4642030351451797, 1
0.9678420220752331, 0.35109078698346396, 1
-0.9230461244219448, 0.9743550556307229, 0
-0.5770497121774496, 0.5217999044865872, 0
-0.9863653129469072, -0.43894934476687786, 1
-0.05199519568377009, 0.15925511011769589, 1
-0.5062823659489422, -0.2895842253258555, 1
-0.7977663199702509, -0.07967885950794262, 1
0.7835346522652973, 0.3261992688948211, 1
0.2517618828959931, 0.6824090942852049, 0
-0.6562084682207567, 0.2513318036962834, 0
0.4362943653649429, -0.33678227583870435, 1
-0.07475177810710343, 0.8349712775157719, 0
0.2096209606463766, 0.35401280473423113, 1
0.8653878704895832, 0.3419678004766774, 1
-0.6455842990984368, 0.9612292991283299, 0
-0.7901440355240643, -0.013248371878189613, 1
-0.04706423538283233, -0.17068690474173775, 1
-0.3089565944300521, 0.00827213293736595, 1
-0.8991002185106782, 0.6988655779519163, 0
0.22660496341740433, -0.487193809865356, 1
-0.04490908055528808, -0.013485309364028475, 1
0.6578221726963058, 1.1004721021917372, 0
0.360392267905153, 0.34739515311441693, 1
-0.6651490949121972, 1.2545362451125595, 0
-0.3150066729929599, 0.4254932926663325, 0
-0.103336981377121, 1.1767851236338536, 0
0.3875655550938346, 0.41682009148072774, 1
0.7437014920164702, 0.9212639062082778, 0
-0.8495513349250978, 0.7418129551653659, 0
-0.8141484629133697, 0.42709664506993106, 0
-0.8137820870236494, 0.14603197650238509, 0
0.7503130385002459, 0.24440502958297194, 1
0.011723997235712158, 0.32829639700488145, 1
-0.6317318976653992, 1.3189430306554404, 0
-0.3278197920421666, 1.048441372653102, 0
-0.3857422122337806, 0.6050619411373875, 0
0.9554903308760803, 0.818132181688903, 0
-0.21148185912875883, 1.1992725093555539, 0
-0.337535861693554, 0.12019383720534338, 1
0.5778205329656765, -0.0514306959990013, 1
-0.4177776354805476, -0.32380498674907054, 1
-0.9223227385251256, 0.5005188891793056, 0
-0.29994266983533446, 0.9557155806702232, 0
0.413266225343075, -0.6129511542800504, 1
-0.28256917364678524, -0.19899593917108394, 1
-0.4281936856404436, 1.0343357564211169, 0
0.05598243096846467, 0.05851431945471941, 1
0.39168612739854924, 1.0018042412454466, 0
0.2032801057742597, -0.18284895396519907, 1
-0.5847185108445558, 1.040457209480389, 0
0.541975187875239, 0.24289750506954466, 1
-0.8251123250430925, -0.3721323779250093, 1
-0.40367655549371073, -0.155118265905544, 1
-0.7535871412199444, 0.8373768903980191, 0
0.5506931901544558, 1.2378059040068856, 0
0.44232691841901706, 0.8390753225877449, 0
-0.7073756956803028, -0.04534841543806534, 1
0.20657646941723762, 0.12007032324178268, 1
-0.4040900059728756, -0.20379579913212764, 1
-0.24892078030058884, 0.7384238171369225, 0
-0.6635295734408413, 1.2336329522445393, 0
0.1642029464081134, 0.09228594739666407, 1
-0.5746488250077431, -0.5776698284392136, 1
-0.3769680800272033, 0.5342911102468538, 0
0.22395128689976818, 0.7120484184674628, 0
-0.7071442941697734, -0.3281007468538505, 1
-0.10036796292921069, -0.3830831387120618, 1
-0.1256181480712517, 1.0204376217530697, 0
-0.04975797128844972, 1.2219079684791105, 0
0.23113817936918846, 0.42806463289969743, 0
0.7042678243361424, -0.5928696592281889, 1
-0.24988127469785515, -0.3379380341684045, 1
-0.5541937133253034, 0.3126808788599379, 0
-0.9518465347330951, 0.7929511309345544, 0
-0.587079816692458, 1.0006078796230815, 0
0.0071549271792732405, 1.3098415112274155, 0
0.8013089606133259, 0.4407429976683578, 1
-0.906079266814994, 0.46119158761313994, 0
0.6917857318054381, 1.028804441451248, 0
-0.6897473226827076, -0.6467617170591212, 1
-0.8581075834564591, -0.013705101455676716, 1
-0.19916480734783626, -0.2034466630960351, 1
-0.8206447468606783, 0.8987475366121466, 0
-0.2109507347843944, 0.9671367928656295, 0
-0.1242586450815426, 0.21005786239408242, 1
0.09084732000864504, 0.811297085216227, 0
0.4354353290638615, 0.9197722701996066, 0
-0.13269779312919794, -0.3890650565160537, 1
0.3654906130899549, 1.029410670676696, 0
0.9271685199374795, 0.2053313697503566, 1
0.32324037582011056, -0.600039120025405, 1
0.3810106495905825, 0.27048170714033726, 1
-0.8620059068513968, 0.623541686135814, 0
0.06374481731833836, 0.761634859574971, 0
0.3746719005138339, 0.6873997437195595, 0
0.5542135193808726, -0.45179668354569247, 1
0.25364776744323825, 0.5122616402957215, 0
-0.12052199458934387, -0.13218339770075682, 1
-0.7284869565524954, -0.36876207884527956, 1
-0.9848387453158918, -0.5616163327177196, 1
-0.48913004590342446, -0.018400289690041594, 1
-0.3080968983754462, -0.3601680883864272, 1
0.21322368071699804, 0.044588148732059074, 1
-0.04465862509093288, -0.004094592129053498, 1
0.2652975115404963, -0.15873455676499792, 1
0.19734745505511508, 0.46029486246469375, 0
-0.11774644832010739, 0.8847076637866654, 0
0.21936618011851028, 0.6981207907861872, 0
-0.39033222412173973, 0.9907737692381252, 0
-0.6976044312608207, 0.3882174444417156, 0
0.48033293845076197, 1.3281136165792042, 0
0.21827260046398034, 0.34825892908061096, 1
-0.93791652855936, 0.6181597660602566, 0
-0.2583902066449142, -0.3169212980305808, 1
0.33536599022468705, 0.24170661572139196, 1
-0.331045823500701, 1.0238691758348133, 0
0.7539826860590979, -0.3691344652326837, 1
0.7692678625732252, -0.13305100033192752, 1
-0.3258088981188716, -0.21548698394503452, 1
0.7664988734324631, 1.0163789503456484, 0
0.07218396979018427, 1.2485198768220371, 0
-0.4686202671197688, 1.0543060167030518, 0
-0.28290807980223676, -0.5322570214762162, 1
-0.6870512986703234, -0.32006266495633506, 1
0.268538738450276, -0.47284119471660746, 1
0.45737113486814973, 0.3879003799302895, 1
0.9665376761740916, 0.8277028453858079, 0
-0.8988145115387316, 0.30428391062052385, 0
0.5355376526973608, -0.5397324772532192, 1
0.6345806591768812, 0.8098798721471668, 0
-0.855955043597765, 0.25361072898880666, 0
-0.7935601257361253, -0.039522144652099356, 1
-0.05039857168017825, -0.2379568211473876, 1
0.0633821839283375, 0.9360171276799792, 0
0.815298256583771, 0.15487899785319892, 1
0.9297769172675856, -0.6579122274509502, 1
-0.9309239054468448, 0.04530131356004141, 0
0.02395610784130464, -0.21358481474079583, 1
0.7902353971870213, -0.4529201403065414, 1
0.557401908444193, 0.9550570847337078, 0
-0.08735799408956435, 0.10153565490755356, 1
-0.19130424179859395, 0.46548523240977857, 0
0.8648937250054647, 1.0552403052878172, 0
0.45368821310281127, 0.4669232253889434, 1
-0.29579879227786754, -0.5982462493692108, 1
-0.6593318234954246, 1.2050368884187623, 0
-0.6962376413165263, 0.47333600311521307, 0
-0.444647197320299, 0.5340653603576205, 0
-0.7745888342009097, 1.286015165894884, 0
-0.3084960153645675, 0.28803518844342657, 0
-0.25227097071451476, 0.514832156199584, 0
-0.7337622166332214, 0.6597026016618913, 0
0.5790567481230304, 0.27880848586456486, 1
-0.9971970020008261, 0.025252148861364954, 0
-0.20466162734597537, -0.5129998613074055, 1
-0.3167648372121983, 1.1056298417986534, 0
0.4027995778063991, 0.6649530264612359, 0
0.5088249109295919, 0.8422478080603296, 0
-0.5212652882595257, 1.0450815792016237, 0
0.9737124327471933, 0.5387443390620211, 1
-0.8639263918516544, -0.46798469770701223, 1
0.47709012916969606, 0.515913700007984, 0
0.012268645708745751, 0.9933529538112659, 0
0.3125598216555594, 0.6578020798974676, 0
-0.5179504395818877, 1.1371385154013072, 0
-0.5968534655634234, 0.8727239526951555, 0
0.8856233422937627, 0.22963188766438958, 1
-0.6038518417044709, -0.6153776627701103, 1
-0.4883503779543312, 1.0807610417951197, 0
-0.8124474495793648, 0.308333146681982, 0
0.43499070934480644, 0.8081609498676804, 0
-0.8153730362192593, 0.06172117653090525, 0
0.06011807505585809, -0.26807070977250513, 1
-0.5338273953672477, 0.6414450020705232, 0
0.9523585141780166, 0.5511324886437109, 1
-0.0990217238143456, 0.055470574917824034, 1
-0.6102719874980815, 1.274028909368874, 0
-0.5198643642815737, 1.1638801770326372, 0
0.7442834898126758, 1.0687739407611865, 0
-0.7026828262821752, 0.6435941656571113, 0
-0.38586569653854785, 0.6218150175231939, 0
-0.6917979018905263, 1.250500902221256, 0
0.13070089914558625, -0.6134658207253619, 1
0.3639844419586442, 0.5749862472049888, 0
0.34178263018802046, -0.43194476343591137, 1
-0.33115323160805676, -0.28706492286405105, 1
-0.41696376351795883, 1.288313717984399, 0
0.7773971131818338, 0.06960904826971903, 1
0.3007556235643787, 0.8277849924408768, 0
0.5347720456443434, 0.6146840633327201, 0
0.8692249452252288, 0.9963072268921637, 0
0.67550109458024, 0.15409347175360943, 1
0.7961734448819944, -0.5993038547494779, 1
0.41111084769044437, 0.06645182435916064, 1
0.10022202076313502, -0.38432013744175897, 1
0.5484204114076945, 1.0721008085074581, 0
-0.9549781078394599, 0.4389910152529811, 0
0.948013994240879, -0.2757336118666992, 1
-0.43870223835188726, 0.3350545531129171, 0
0.9640216644552058, 0.5237821843884326, 1
-0.9464997722122532, 0.8451466282193897, 0
-0.7164066494786068, 1.1089302809029222, 0
0.7773107751485475, -0.5198176397085282, 1
0.09550701171857856, -0.6520585785148371, 1
-0.9492038179181783, 1.1806646631652287, 0
0.42085928733367783, 1.2090160822117029, 0
0.39393325714494654, -0.23759272208007587, 1
0.8509249006218793, -0.46239275609254216, 1
-0.9473126779112511, 0.9004354225265406, 0
-0.3802551148464548, 0.10925417710055008, 1
0.9045475863830807, -0.4911996023965367, 1
0.5652110294886494, 0.6569431005400977, 0
0.5650105180671199, -0.28265049064376246, 1
0.06811401123450711, -0.5547492837075249, 1
-0.4095653650404889, 0.4186169811931043, 0
0.5519601504394864, -0.19263585895414337, 1
0.2856882641230245, 0.6074333353693827, 0
-0.5313422411250741, 1.260874705825508, 0
-0.19037418670348827, -0.3060592146640194, 1
-0.4370220225233048, 0.08885253142340377, 1
0.4802682558809248, 1.0054430406594799, 0
-0.7439745565347806, -0.4723643878591225, 1
-0.055051972741904764, 0.22850689467750784, 1
-0.657244154277765, 0.5409270203833533, 0
0.4321107326190703, -0.4786032682134661, 1
0.8403467059030711, 0.1864747061689057, 1
0.9303100830411763, 0.9808925500119133, 0
0.43791308839793053, 0.029186343643041845, 1
-0.8558763392114093, -0.21797416994044727, 1
0.10511503709741388, 0.4387556273919019, 0
0.636349343135183, -0.6647154901277618, 1
-0.3061419930737286, -0.13032801262424687, 1
-0.33095977131464815, 0.7689723320753427, 0
0.5183733287995729, 1.0236542436225773, 0
-0.06530986510118586, -0.49646734155194727, 1
-0.012355005631696558, 0.3947201792048821, 0
0.18237798241179148, 1.2750131567474798, 0
-0.00842751579738743, 0.9301068336277417, 0
0.03137436605837762, -0.5965858080527101, 1
-0.46356929700624994, 0.932140677119501, 0
-0.7803727438729307, 1.0645820689206227, 0
-0.822701519861029, -0.5945219590172223, 1
-0.405248718831448, 0.584371218995512, 0
0.03258485267460265, 1.1745172165926276, 0
-0.6303053565476295, 0.01029400775405287, 1
-0.9310667618003912, -0.5093406612800883, 1
-0.552955683081058, 1.110528374456115, 0
0.6804317076196056, 0.16181279164938112, 1
-0.13990207227743223, 0.11774868581774134, 1
0.07123474476093605, 0.8823781475258355, 0
0.9211579828071206, 0.7439039899338925, 0
0.98750149618158, -0.5758288083099116, 1
-0.7274594107095136, -0.49857532927044856, 1
0.7477593484476026, 0.6221230634685796, 0
-0.13135189170414274, -0.14280341734279378, 1
-0.48003832123575063, 1.2918173416568735, 0
-0.08382306995425526, -0.6540287979162877, 1
-0.573455598791095, 0.1879218823275045, 0
0.10553485832465581, 0.5039975372742446, 0
0.11286427184962777, -0.25827206170234207, 1
0.5363126751026701, -0.050778080657557845, 1
-0.9221982343090982, 0.9477496165000537, 0
0.2110296064190842, -0.25847870017626173, 1
-0.0910296316771555, 0.09898518848725424, 1
0.9837661702878262, 0.014182110165011586, 1
0.4311332596636859, -0.05156012219487083, 1
-0.8187484308564452, 0.10900605579874101, 0
-0.4482226058207637, 0.6318987690050409, 0
0.7533186764836584, 0.8263045938975894, 0
0.1924190721015422, -0.5778138927306783, 1
0.17315928151213855, 0.9401223214302165, 0
-0.8565848383268868, -0.6125083053686887, 1
-0.49971802905749496, 0.4264440602137648, 0
-0.6244366560024133, 0.9385821242076567, 0
0.06528032629531366, 0.4524670676862207, 0
-0.6275526338796105, 0.5053774542402288, 0
0.8701665109839574, 1.2858472535425611, 0
-0.20302211196213737, 0.19709401215279454, 1
0.41485235931562525, 0.1115756881484885, 1
0.344885732431516, 0.6339529826914819, 0
-0.47866592791354634, 1.019980358895499, 0
0.16076903453506386, -0.041573896420665446, 1
-0.49225355946098714, 0.007416016577653672, 1
-0.6549835668415589, -0.015158059390638301, 1
-0.2844978096795028, 0.3757773304352353, 0
0.618756785935779, 0.3166802042516902, 1
0.03538981157039678, 0.630711668816394, 0
0.5450789758316588, -0.040892866655169224, 1
0.5976568083540492, -0.10157549178444503, 1
-0.6010130946301324, 0.07212812266765567, 1
-0.2497097227639009, 1.0827177277115303, 0
-0.0680577199934449, 0.5370509338065456, 0
-0.8135722232651312, 0.7504394948877916, 0
-0.7439434420919688, -0.11391213139837963, 1
0.6093943334741374, -0.5516733463179025, 1
-0.46502259450206984, 1.0140764698843152, 0
-0.2887471782329265, -0.4508457534879805, 1
-0.16025608511758427, 0.6728095316800647, 0
0.6248598410129027, 0.10234477839334943, 1
0.1690434689767304, -0.20369347535712257, 1
-0.5493316538156179, 0.4562438388294393, 0
-0.5275996345448197, -0.39699789961370213, 1
0.4640053245440847, 0.8898372039359935, 0
-0.20772090737228743, -0.07066983217879697, 1
0.006858168705956347, -0.6343307787736611, 1
0.9257702943925759, 0.7187560164170811, 0
-0.9887648806475109, 0.9772938238552394, 0
0.4035202350098641, 0.8357253567417758, 0
-0.19226708808035609, -0.26139061697049815, 1
0.9171375949085696, 1.3303595216091333, 0
-0.35039577342704553, -0.6543546028012038, 1
0.3985714119518726, -0.10606450712358428, 1
-0.876552204472854, 0.6931508129501417, 0
-0.5703596941546087, -0.5207149208095391, 1
0.11311329106301238, 0.13622639624781951, 1
0.34058123461141365, 0.5470218326711936, 0
0.8905850260011405, 0.31904945160508114, 1
0.4222596947902144, 0.8530223358635939, 0
0.7923299617845654, 0.0005596832850137679, 1
0.7529993718742531, 0.2510713768801983, 1
0.6294999915109605, 0.7348865218037236, 0
-0.3116576662682371, 1.00748499275806, 0
-0.8330370655771009, 1.0898659880596906, 0
-0.46021549118349836, 0.17880664964196147, 1
-0.9775506623027412, -0.33647775515987377, 1
0.5883140676376069, 0.5337825722931594, 0
-0.3698859541290118, 1.1326346945168817, 0
-0.9646672658709301, -0.5727813959942193, 1
0.8407517102965063, -0.15772246606160578, 1
0.42269083537387697, 0.5347616356110746, 0
0.9123004808165669, 0.4851839763704392, 1
0.13856712035950713, -0.5215852788472312, 1
-0.2051110299314114, 0.3209760499779083, 0
-0.26894630011249077, 0.3327872269591575, 0
0.8423392025571339, 0.9940559792594917, 0
-0.7723440956496421, 0.637197564730836, 0
0.43618037648075947, 0.8770176987719117, 0
0.937140281510193, 1.07987220597489, 0
0.5925824489134983, 0.9811613615189189, 0
0.8729252159030867, 0.4147926732509416, 1
-0.8125199866021073, 0.9115114356664283, 0
0.09818329570916418, 0.2157796606172958, 1
0.8513571537532134, 0.15376214989930348, 1
-0.3452091531561996, 0.5796446355438444, 0
-0.5946564596337134, -0.1397328612386527, 1
0.9243578280526918, 0.11198486320737888, 1
0.028683034467504642, 1.2698025262010066, 0
0.10583248305356108, -0.4594419164526934, 1
-0.278931181364251, 1.014267405193464, 0
0.20988671094848876, 0.5613309865160993, 0
0.8473764378522695, 0.2538837303477891, 1
-0.6394053488276301, -0.43173084201837886, 1
-0.4426418934301528, 0.2755103390206405, 0
0.9099712419147359, -0.28265762222420354, 1
-0.3753068026498596, -0.3927472749954425, 1
-0.1787411435910493, -0.37082996883186115, 1
0.3184866090067573, 1.2161871487756608, 0
0.5542574235835507, 0.37751616655966125, 1
-0.38599268818500576, 0.974562572171965, 0
-0.2989401467599815, 0.8058223681647926, 0
0.20690991925688862, 0.3126720848311203, 1
0.3606327613929863, 1.1659691858754702, 0
0.5318043375578814, 0.9070795396787369, 0
-0.014406125666684533, 0.07120053524568049, 1
0.9576417040014933, 0.10635494379831056, 1
-0.891576157953043, -0.2929177511841726, 1
-0.909936900149654, -0.34296698709035056, 1
-0.5999854816772778, 0.8212190972486627, 0
-0.1072930892202748, -0.2700363225952428, 1
-0.13016891895202565, -0.40287292674215547, 1
-0.961912944636127, 0.5800747258183964, 0
0.7284424720400848, -0.6349345707284239, 1
-0.6229100415497317, 0.921054360609373, 0
-0.6617041778043631, 1.0029591690276685, 0
-0.6398328518354772, 0.39773179368298905, 0
-0.11862991735432926, 0.879166438006879, 0
-0.9380356289863905, 0.08542092145874836, 0
0.22310640647169544, -0.3706561441390711, 1
-0.3964200166567766, -0.3234089803789192, 1
0.6121280925865462, 0.7406387130448436, 0
-0.5477043465406757, 1.168935078299262, 0
0.3944537812117537, 0.66119748913363, 0
-0.14488641168641103, -0.06932383098222406, 1
-0.9805930970249996, 0.5748225589247437, 0
-0.21069653767325858, -0.3167581791817776, 1
-0.148421300573911, 0.6998383596436638, 0
0.635682135082311, 0.7470249287945802, 0
-0.018123146952066627, 0.7580257940007215, 0
-0.47634884028280355, 0.9836501021461824, 0
-0.205785000274892, 0.851859341953998, 0
0.01727257470006771, 0.5766643582463423, 0
0.044680540166609495, 0.9697546325325109, 0
0.49067704489572694, 0.8194719507666627, 0
-0.8465452229530401, 0.9360306195640961, 0
0.9125596538093135, 1.0380803654819024, 0
0.8181056877814488, 0.9790667915953032, 0
-0.7296074981429679, 0.6735943674415931, 0
0.3284111925854638, -0.4332141685901313, 1
0.19873418802896792, 0.5610419035531041, 0
0.767142533277207, -0.15435937988980475, 1
-0.8744800168666984, -0.2095632494641021, 1
-0.9309270943641892, -0.2484891049758159, 1
-0.7874384142577422, -0.45302390330342257, 1
0.26147224743078956, -0.6643272210095247, 1
0.8181270616421765, 1.0684069317018285, 0
0.7984558779138049, 0.03407864469535682, 1
-0.21680158971291252, -0.07597919037525547, 1
-0.6474725462725659, -0.15452340109421658, 1
0.7128412840029128, -0.42360567001153704, 1
0.8029550363899189, 0.14950886650034645, 1
0.851112455505803, 1.0293778504129332, 0
-0.14654247582192936, 0.9571707465815585, 0
-0.6088968617836699, 0.9289819047507656, 0
0.8442864420318117, 0.47560662545349, 1
0.5651101104028391, 0.5088658485119565, 1
-0.6251196806469057, -0.4267026670971842, 1
0.43706978325118695, -0.630051819315199, 1
-0.7053137084500534, 1.320943876778545, 0
0.912557725452487, 1.193699678087591, 0
0.22655689196685325, 0.2798997412021048, 1
-0.4056880756621275, -0.11241310320160036, 1
